514417
396524
507862
480682
481157
498658
534221
502655
513953
436301
520133
545423
482268
41468
519450
513635
441217
502884
530778
544428
41239
550996
521666
532541
499336
482257
426954
425413
471034
485660
478077
536918
464974
527554
521690
482882
535918
510496
544224
550183
489170
526331
535344
498857
497355
480992
549325
544748
507067
530879
531511
544514
537472
532780
464656
531716
531713
489202
400670
543795
544560
521702
509331
68233
482260
497044
492941
468698
509984
470465
550354
532177
550063
520995
522696
543511
499647
513297
490010
3241
507716
545878
553037
513787
530880
543799
520651
521054
485854
532767
518282
538237
551003
536058
3349
546797
539385
544298
446151
499634
540850
501562
521460
547404
500622
536072
551170
510666
515696
522328
530182
466379
533171
549023
366298
525266
533830
531826
537247
517066
518799
521221
529172
486305
550083
548527
460919
470426
499256
537121
548208
536055
545086
535684
514516
461372
500545
501851
558069
517841
478143
518618
479017
521847
479094
439285
536274
530637
500709
545168
522330
538459
462932
544921
500265
499019
545651
519723
515105
532558
500365
474045
500362
551948
531222
522164
528467
542562
529201
521743
489277
527558
525213
137575
466944
415860
428468
521841
513524
532473
460799
543649
515759
343121
548618
509127
310478
460997
550508
506952
531636
511814
502077
533043
487841
473901
522122
509324
416579
521521
400899
550178
521663
511923
510101
502079
543240
547417
514219
487429
544077
532913
521464
532964
552778
549368
41443
545475
522397
545015
552919
547807
514580
422489
558004
549363
405517
549160
317216
478019
542654
462948
519560
251824
539589
530920
538429
520568
552764
541759
471934
537838
487180
510569
506482
518230
412929
525276
533897
549910
503619
527556
507824
536054
527861
483902
399794
429832
521058
487779
488657
500708
488266
516122
542707
520225
497168
550269
519754
522503
534908
525424
520727
522616
518490
543199
520656
426861
430033
543475
459415
482005
5322
