1458424
1548849
1455518
1507912
1428773
1491414
1461831
1491310
1491663
1519098
1582380
1484893
1504059
1524798
1595391
1497737
1431851
1481322
1514543
1477421
1530018
1536678
1556218
1511776
1523560
1446629
1456970
1435134
1441899
1457726
1435151
1559473
1521498
1506668
1495654
1502608
1504348
1466142
1448345
1430604
1518849
1547808
1543495
1463823
1439217
1469982
1502663
1560377
1440515
1477439
1491107
1438312
1545981
1535260
1507461
1452586
1530345
1479691
1454654
1432632
1557813
1461246
1450741
1538131
1516929
1435945
1555457
1450738
1471099
1477794
1538563
1542096
1461018
1595937
1546428
1561665
1594272
1509540
1560723
1491918
1432514
1493381
1516821
1544738
1485402
1518238
1448868
1515393
1577665
1466441
1559373
1474206
1434749
1590236
1599810
1464085
1582926
1441194
1444194
1504783
1427541
1563974
1501448
1581538
1547806
1472519
1428359
1486890
1452349
1440903
1517585
1561599
1478313
1546435
1559687
1506851
1436688
1475654
1546938
1436626
1532610
1507070
1547586
1514229
1447573
1478247
1429870
1516232
1543358
1585989
1562995
1539020
1557852
1471750
1567153
1557457
1477101
1562199
1561155
1568238
1456830
1433773
1549298
1463845
1473338
1505973
1465322
1466240
1573514
1514548
1548029
1432197
1435152
1427586
1567737
1472072
1454966
1444879
1477444
1498910
1500870
1454044
1501745
1515568
1518198
1470854
1492038
1469319
1442539
1427890
1453601
1508129
1454186
1452614
1453670
1461559
1467356
1438849
1427735
1449830
1489828
1529216
1524392
1478418
1438616
1524238
1535600
1588932
1493772
1481400
1468335
1431498
1511215
1512165
1495938
1563716
1554565
1456132
1427554
1449140
1516231
1534816
1542205
1540977
1540948
1547404
1542726
1540966
1555112
1539269
1547516
1511321
1560273
1476585
1539014
1463354
1523998
1436015
1493098
1485504
1454147
1564435
1497089
1451345
1567322
1431380
1484593
1451266
1455628
1435623
1591129
1574842
1523102
1526800
1532740
1589553
1578939
1432469
1549376
1463365
1427593
1446984
1524991
1477543
1505932
1429191
1547232
1455912
1462195
1512926